5
0.8918 0.0000 -0.2330 0.1638 0.2730 1.7545
-0.0546 0.5824 0.0000 -0.1110 0.0364 2.3278
0.0182 -0.1638 1.0556 0.0200 0.0637 -3.2742
0.0546 0.0000 -0.1329 1.0556 0.0000 -9.0472
0.0364 -0.0546 0.2639 -0.0218 0.7644 3.9239

0.9546 -0.1256 0.0251 0.0502 0.1758 -5.3757
0.1306 1.4946 0.0000 -0.1005 0.1005 4.6045
0.0754 0.0000 1.2007 -0.3517 0.2010 4.3608
-0.1507 0.3165 0.0000 1.1806 -0.0502 -3.1199
0.6280 0.0000 0.2261 0.0251 1.4067 3.6173

0.9546 -0.1256 0.0251 0.0502 0.1758 -5.3757
0.1306 1.4946 0.0000 -0.1005 0.1005 4.6045
0.0754 0.0000 1.2007 -0.3517 0.2010 4.3608
-0.1507 0.3165 0.0000 1.1806 -0.0502 -3.1199
0.6280 0.0000 0.2261 0.0251 1.4067 3.6173

0.8918 0.0000 0.0 0.0 0.0 1.7545
-0.0546 0.5824 0.0000 0.0 0.0 2.3278
0.0 -0.1638 1.0556 0.0200 0.0 -3.2742
0.0 0.0 -0.1329 1.0556 0.0000 -9.0472
0.0 0.0 0.0 -0.0218 0.7644 3.9239

0.0000 0.0000 0.0200 0.0000
0.8918 0.5824 1.0556 1.0556 0.7644
-0.0546 -0.1638 -0.1329 -0.0218

0.9546 -0.1256 0.0 0.0 0.0 -5.3757
0.1306 1.4946 0.0000 0.0 0.0 4.6045
0.0 0.0000 1.2007 -0.3517 0.0 4.3608
0.0 0.0 0.0000 1.1806 -0.0502 -3.1199
0.0 0.0000 0.0 0.0251 1.4067 3.6173

0.4617  -0.0608  0.0122  0.0243  0.0851     2.8188
0.0632   0.7229  0.0000 -0.0486  0.0486     3.0910
0.0365   0.0000  0.5808 -0.1701  0.0972    -3.9342
-0.0729  0.1531  0.0000  0.5711 -0.0243     1.8638
0.3038   0.0000  0.1094  0.0122  0.6804     0.1458