5
0.8918 0.0000 -0.2330 0.1638 0.2730
-0.0546 0.5824 0.0000 -0.1110 0.0364
0.0182 -0.1638 1.0556 0.0200 0.0637
0.0546 0.0000 -0.1329 1.0556 0.0000
0.0364 -0.0546 0.2639 -0.0218 0.7644
0.292832 0.393215 0.876198 1.18832 1.49578

0.4617  -0.0608  0.0122  0.0243  0.0851
0.0632   0.7229  0.0000 -0.0486  0.0486
0.0365   0.0000  0.5808 -0.1701  0.0972
-0.0729  0.1531  0.0000  0.5711 -0.0243
0.3038   0.0000  0.1094  0.0122  0.6804
0.245774 0.493171 0.769025 1.13159 1.47253

0.9546 -0.1256 0.0251 0.0502 0.1758
0.1306 1.4946 0.0000 -0.1005 0.1005
0.0754 0.0000 1.2007 -0.3517 0.2010
-0.1507 0.3165 0.0000 1.1806 -0.0502
0.6280 0.0000 0.2261 0.0251 1.4067
0.525428 1.05436 1.64308 2.41821 3.1469

0.9546 -0.1256 0.0251 0.0502 0.1758
0.1306 1.4946 0.0000 -0.1005 0.1005
0.0754 0.0000 1.2007 -0.3517 0.2010
-0.1507 0.3165 0.0000 1.1806 -0.0502
0.6280 0.0000 0.2261 0.0251 1.4067
0.525428 1.05436 1.64308 2.41821 3.1469

0.8918 0.0000 -0.2330 0.1638 0.2730 1.7545
-0.0546 0.5824 0.0000 -0.1110 0.0364 2.3278
0.0182 -0.1638 1.0556 0.0200 0.0637 -3.2742
0.0546 0.0000 -0.1329 1.0556 0.0000 -9.0472
0.0364 -0.0546 0.2639 -0.0218 0.7644 3.9239

0.9546 -0.1256 0.0251 0.0502 0.1758 -5.3757
0.1306 1.4946 0.0000 -0.1005 0.1005 4.6045
0.0754 0.0000 1.2007 -0.3517 0.2010 4.3608
-0.1507 0.3165 0.0000 1.1806 -0.0502 -3.1199
0.6280 0.0000 0.2261 0.0251 1.4067 3.6173

0.8918 0.0000 0.0000 0.0000 0.0000 1.7545
-0.0546 0.5824 0.0000 0.0000 0.0000 2.3278
0.0000 -0.1638 1.0556 0.0200 0.0000 -3.2742
0.0000 0.0000 -0.1329 1.0556 0.0000 -9.0472
0.0000 0.0000 0.0000 -0.0218 0.7644 3.9239

0.0000 0.0000 0.0200 0.0000
0.8918 0.5824 1.0556 1.0556 0.7644
-0.0546 -0.1638 -0.1329 -0.0218

0.9546 -0.1256 0.0000 0.0000 0.0000 -5.3757
0.1306 1.4946 0.0000 0.0000 0.0000 4.6045
0.0000 0.0000 1.2007 -0.3517 0.0000 4.3608
0.0000 0.0000 0.0000 1.1806 -0.0502 -3.1199
0.0000 0.0000 0.0000 0.0251 1.4067 3.6173

-0.1256 0.0000 -0.3517 -0.0502 
0.9546 1.4946 1.2007 1.1806 1.4067 
0.1306 0.0000 0.0000 0.0251

0.4617  -0.0608  0.0122  0.0243  0.0851     2.8188
0.0632   0.7229  0.0000 -0.0486  0.0486     3.0910
0.0365   0.0000  0.5808 -0.1701  0.0972    -3.9342
-0.0729  0.1531  0.0000  0.5711 -0.0243     1.8638
0.3038   0.0000  0.1094  0.0122  0.6804     0.1458